1 1 1 1 1 1 1 1 1 1 1 1 1 1 1 1 1 1 1 1 1 1 1 1 1 1 1 1 1 1 1 1 1 1 1 1 1 1 1 1 1 1 1 1 1 1
1 0 0 0 0 0 1 1 0 0 0 0 0 0 0 0 0 1 0 0 0 1 0 1 1 0 0 0 0 1 0 1 0 0 0 0 1 1 1 1 1 0 1 1 1 1
1 0 0 0 1 0 0 0 0 1 1 1 1 1 0 1 1 1 0 1 0 0 0 0 0 0 1 1 0 0 0 0 0 1 1 0 1 1 1 0 0 0 0 0 0 1
1 1 1 0 1 1 1 0 1 1 0 1 1 1 0 1 0 1 0 1 1 1 1 0 1 1 1 1 1 0 1 0 1 1 1 1 1 0 1 0 1 1 1 0 1 1
1 1 0 0 0 1 0 0 1 1 0 0 0 1 0 0 0 0 0 0 0 1 0 0 1 1 1 0 1 0 0 0 1 0 0 0 0 0 0 0 1 1 1 0 0 1
1 1 0 1 0 1 1 0 0 0 0 1 0 1 1 1 1 1 1 0 1 1 0 1 1 0 0 0 0 0 1 1 1 0 1 1 0 1 1 0 0 1 1 0 1 1
1 1 0 1 0 0 1 1 1 1 0 1 0 0 0 0 0 1 1 0 0 1 0 0 1 0 1 0 1 1 1 1 0 0 0 1 1 1 1 1 1 1 0 0 1 1
1 0 0 1 1 0 0 0 0 0 0 1 1 1 1 1 0 1 1 1 0 1 1 0 0 0 1 0 0 0 0 1 1 1 0 1 1 0 0 0 1 1 0 1 1 1
1 0 1 1 0 0 1 1 0 1 0 0 0 0 0 0 0 0 0 1 0 1 1 1 1 1 1 0 1 1 0 0 0 0 0 0 0 0 1 0 1 1 0 0 0 1
1 0 1 1 0 1 1 0 0 1 1 1 1 1 1 1 1 1 0 1 0 0 0 0 0 0 0 0 1 1 1 1 0 1 1 1 0 1 1 0 0 0 0 1 1 1
1 0 0 1 0 0 0 0 1 1 1 1 0 0 0 0 0 1 0 1 1 1 1 0 1 0 1 1 1 1 0 1 0 0 1 1 1 1 1 1 0 1 1 1 1 1
1 1 0 1 1 1 1 1 1 0 0 0 0 1 1 1 0 1 0 0 0 0 0 0 1 0 0 0 0 0 0 1 1 1 1 1 1 1 0 0 0 0 1 1 1 1
1 1 0 0 0 0 1 0 0 0 1 1 1 1 0 0 0 1 1 1 1 1 0 1 1 1 0 1 1 1 0 0 0 0 1 1 1 1 1 0 1 1 1 0 1 1
1 1 1 1 1 0 0 0 1 0 1 0 1 0 0 1 0 0 0 0 0 X 0 0 0 0 0 0 1 1 0 1 1 0 0 0 0 1 0 0 0 0 0 0 1 1
1 1 1 0 1 1 1 1 1 0 0 0 1 0 1 1 1 0 1 1 0 1 1 0 1 0 1 1 1 1 0 1 1 1 1 0 1 1 1 1 1 0 1 0 0 1
1 1 0 0 0 1 0 0 0 0 1 1 1 0 0 1 1 0 1 1 1 1 1 0 1 0 0 0 1 1 1 1 1 0 0 0 0 1 1 0 0 0 1 0 1 1
1 0 0 1 0 0 0 1 1 1 1 1 1 0 1 1 0 0 0 1 1 0 0 0 1 1 1 0 0 0 1 0 1 0 1 1 1 1 1 1 0 1 1 0 1 1
1 1 0 1 1 1 1 1 1 1 0 0 0 0 0 1 1 0 1 1 1 1 0 1 1 1 1 0 1 1 1 0 0 0 0 0 0 1 1 1 0 1 0 0 0 1
1 1 0 0 0 0 0 0 0 0 0 1 1 1 0 1 0 0 1 1 0 0 0 1 1 0 0 0 1 1 1 0 1 1 1 1 1 1 0 0 0 1 1 1 1 1
1 1 1 1 0 1 1 1 0 1 1 1 0 0 0 0 0 1 1 1 0 1 0 0 1 0 1 1 1 0 0 0 0 0 0 0 1 1 0 1 1 1 0 0 1 1
1 1 1 0 0 1 0 0 0 1 1 1 1 0 1 1 1 1 1 0 0 1 1 1 1 0 0 0 1 1 0 1 1 0 1 0 0 1 0 0 0 0 0 1 1 1
1 1 1 0 1 1 1 0 1 1 0 1 0 0 0 0 0 1 1 0 1 1 1 1 0 0 1 0 1 1 0 0 0 0 1 1 0 1 1 1 1 0 1 1 0 1
1 1 0 0 0 0 1 0 0 0 0 0 0 1 1 1 0 0 0 0 0 0 0 1 1 1 1 0 0 1 1 0 1 1 1 0 0 0 0 1 0 0 0 0 0 1
1 1 1 1 1 1 1 1 1 1 1 1 1 1 1 1 1 1 1 1 1 1 1 1 1 1 1 1 1 1 1 1 1 1 1 1 1 1 1 1 1 1 1 1 1 1

obj:
    {6.5, 7.5, 3};
    {20.5, 7.5, 3};
    {23.5, 19.5, 3};
	{41.5, 1.5, 3};
    {18.5, 22.5, 3};
	{43.5, 17.5, 3};
